.Random.seed <-
c(403L, 11L, -1999441652L, 1533848399L, -274491387L, -754432324L, 
2026299282L, 1298705549L, -636609849L, -1097524306L, -588769784L, 
-1239594485L, 1280404201L, -184765000L, 2099294822L, -1511670015L, 
-906937965L, 1862832706L, -1898244620L, 1012043767L, -1670360083L, 
768949380L, -405716310L, 658978837L, 741114031L, -966881610L, 
594885856L, -473350109L, 184008513L, 197329456L, -1112588210L, 
-1978400583L, -1213360949L, 2031802746L, -1649613700L, 471093439L, 
-1510091371L, -887028308L, 1861042050L, 567379293L, -2087560105L, 
-925729986L, 1860453240L, -1998827429L, 399546297L, -574855672L, 
977081526L, -514173967L, -1625342429L, 593550962L, -968104764L, 
1265644167L, 157526621L, 2094066772L, -1085725062L, 160372165L, 
-719071457L, -396037466L, -308431824L, 2143282899L, -1008859919L, 
714227744L, -1723615554L, 1282048713L, -1525434245L, 1885345354L, 
-1847733588L, -1474517585L, -755702427L, -2074832100L, 1562474354L, 
1780534253L, 1835785255L, 1353884750L, -1558714200L, 1888716459L, 
12350409L, 1930678232L, 1045284486L, 2142486369L, 1215951603L, 
1735478626L, -710530092L, -747598121L, -1004702515L, -1465396124L, 
-26740150L, -1194303563L, -1243135217L, 272728086L, 57445056L, 
639675523L, -200771423L, 1466347152L, -1133277842L, -1210344679L, 
1606344619L, 237305242L, -1745016484L, -1983250337L, 1560375349L, 
-1409612852L, 1423869730L, -1069287043L, -1660931465L, -1385165922L, 
-1502856616L, -1703332933L, -232712871L, -642765080L, -891039978L, 
-311361391L, -558727869L, -1395554222L, 1214773988L, -505815769L, 
-1467579011L, 989891700L, -1645636006L, -1080208731L, 805238975L, 
1153403718L, -2081998384L, -1571058701L, 1923445521L, -1198701760L, 
-1010365666L, -136358935L, -2129544933L, 902943530L, -919006132L, 
734551055L, 867309381L, -211500804L, 1090498386L, 3711181L, -1705340793L, 
-535698L, -1020107448L, 576999755L, 619537577L, 571782648L, -2134639322L, 
1777671745L, 970971091L, -432190078L, 185803188L, -1028256457L, 
-171309011L, -2070497980L, -759647638L, 1893244117L, -391955857L, 
1493053302L, 1284059296L, -778376861L, -1754134015L, 1506605424L, 
-1215469298L, -1771799687L, -250236149L, -132989894L, 652565308L, 
633114751L, -467766315L, 1077435884L, 1577316162L, -1228615523L, 
-7616233L, 1359233150L, -1601693640L, 752004891L, 1066843257L, 
491496648L, -416217866L, -1754688207L, -67009181L, 1207977778L, 
-221409148L, 1983376583L, 573718429L, -1993127148L, -1459709510L, 
-1556910075L, 1231267295L, 257947750L, 1932429296L, 1633718547L, 
-1490317647L, 359475552L, -647708930L, -941581687L, -2054261317L, 
1365069706L, -1250134420L, 737708015L, -1115570139L, 1521012956L, 
-1275267406L, 458537389L, -593048217L, -1732887922L, -1176820888L, 
-1187808405L, -1623251703L, 689970072L, 15751878L, -2119679967L, 
-756153165L, -1567820254L, -411908076L, 291564695L, 1101137549L, 
-169564252L, -1576412790L, -161094155L, 519166031L, 299519830L, 
-1347033600L, 1273329475L, -145346847L, 22080592L, 2012148910L, 
-667291559L, -477237141L, 713901530L, -419729764L, 542343327L, 
1513528053L, -1698443436L, -734691352L, -899446022L, 80076624L, 
954975276L, -1641692812L, -1185048942L, 1942035040L, -1465829236L, 
1802439008L, 1155053794L, 99009704L, 831295180L, 491141628L, 
-737303630L, -2026095632L, -1660716604L, -1465438888L, -59266694L, 
-60171856L, -1855979076L, -1321247148L, 46983618L, 120441632L, 
1064606652L, 284115024L, 1576993762L, -1291983000L, -1630625972L, 
2141724412L, -544882958L, -1131029248L, -1395559308L, -721920504L, 
-708993606L, 1031439824L, 559218668L, -1104438380L, -758034222L, 
386010208L, 1809749324L, 1390856992L, 1356356226L, 1694990824L, 
1433895916L, 1201022524L, -1934000526L, -673254544L, -111817436L, 
-1352701384L, 1631703450L, -92969520L, -575326788L, -1272625516L, 
-1431362942L, 1889199552L, -312504516L, -1792822640L, -2119334110L, 
-1415596536L, -561491188L, -339686500L, -844372974L, -36375680L, 
-773166316L, 1272055080L, -1120079814L, 1559352272L, 11324012L, 
-1458533324L, 910456978L, -595394208L, -640500404L, -1025675808L, 
1429083042L, -1080239192L, 2078706828L, -531774532L, 1871055986L, 
-1206540304L, -1442737084L, 2011596888L, -642260934L, 831500400L, 
-410794436L, 781485844L, -1139025214L, -1515543840L, 1371352188L, 
-516027184L, -217670750L, -2061767128L, -1484928756L, 110401468L, 
2109765938L, -1554620224L, -1336503756L, 1756621512L, 329386682L, 
843240592L, 1661703916L, 2096724L, -752523630L, 979445536L, -1783064628L, 
952238304L, -1647075646L, 1095971880L, -1583768660L, 797244092L, 
-819484174L, 815822384L, 1367791524L, 755765688L, -1788165286L, 
-1176300400L, -377738372L, 356288276L, 1908780354L, -748056832L, 
-1342385220L, 1560088400L, 553888034L, 778150472L, -535564276L, 
1401492572L, -300502574L, -1610326528L, -830701228L, -1029541656L, 
783048954L, 1062594256L, 1111757100L, -1364074252L, -412447342L, 
1760115040L, -966346740L, -904314144L, 320350818L, -1473813848L, 
-1834988980L, -1318457476L, 1965823282L, 1036813936L, 1126519620L, 
299796440L, -637958278L, 1333147184L, -1333516356L, -1171917228L, 
-1158279102L, -361590624L, 1342453436L, 1154157008L, -1435147422L, 
-395828504L, -1992204084L, 550003196L, -590859790L, 1545308800L, 
1385438708L, -1163790712L, -174358726L, -1894608048L, 1718496364L, 
1781580180L, -1093651374L, -137911840L, -1699087156L, -1303206752L, 
183506306L, -1483618072L, -450726164L, 1444320572L, -1599845262L, 
-201316240L, -908197852L, -1298289608L, 335433498L, 1657277648L, 
-1057333444L, 1784022932L, 188068738L, -1036457536L, 1497267772L, 
-25475696L, -1697178078L, -1957714680L, -939798900L, 1346174748L, 
-2130681710L, -94963328L, -806967788L, -369672408L, -173868486L, 
-1947697712L, -622073492L, -1235434572L, -451790830L, 1516959200L, 
-1433606196L, 382927072L, -1993492446L, -1943625432L, 415620620L, 
1203988284L, -1680219150L, 608647920L, -6926780L, -666254760L, 
1067511610L, 453404144L, -1022126404L, 136345876L, 1320927938L, 
-504392608L, -1088019588L, -566904880L, -1073454814L, -1830708568L, 
1008065420L, 1234843836L, -47624398L, -1787278784L, -36348748L, 
-135724472L, 1500669370L, 491588296L, -287921306L, 1570853267L, 
260233973L, -1993436462L, -1718108896L, 382006537L, 1577333307L, 
1675716492L, 1662707226L, -1362887025L, 1691408857L, -1648267666L, 
1666412028L, 1834833773L, -1591820009L, 262958304L, -703724866L, 
1370427531L, -1739264243L, 534896442L, -214026376L, -1923076831L, 
687435219L, -422892300L, 895747458L, -1408032745L, -1622120735L, 
1657503782L, 1916761380L, 2015256021L, -677150337L, 207634456L, 
-49823946L, 1293986243L, 476358661L, -1022375006L, -100296816L, 
1889940281L, 558385131L, -1207326500L, 241596682L, -2020333569L, 
472640073L, -1177194530L, 2055724940L, 1601384285L, -223979673L, 
643493008L, -1467874642L, -1954857125L, -699527363L, 508702122L, 
-1839160760L, 1691673201L, 617968611L, 271138532L, -1965554158L, 
26808807L, -2102661711L, 80624630L, -1803373036L, 1384462629L, 
-208166353L, 543135720L, 54870214L, 1906988403L, 1891089877L, 
-274390606L, -2102984832L, -1746795671L, -739440677L, 2029514540L, 
-1227054790L, -2053849105L, -734393735L, -572482290L, -32787236L, 
-1085027507L, -1520811337L, 535760960L, 772043038L, 2047835115L, 
769591149L, 1132948954L, 1977204632L, 1683099137L, -769278029L, 
-1746981164L, -456755230L, 190847607L, -1948343359L, 413679942L, 
353366148L, -634407371L, -1008615905L, 1093921144L, 1449519190L, 
-1198873373L, 294195877L, -1284485310L, 388517168L, 355954009L, 
1151172299L, 373282620L, 1013399402L, 416075167L, 409101353L, 
1159673534L, 261765036L, 1074470141L, 609536071L, -57542864L, 
1256845390L, 233249915L, -1754656803L, 621698570L, 541057832L, 
-322482799L, -1053379709L, 1043167364L, 617649842L, -549606905L, 
260962897L, 1003459030L, 931609780L, 2001504453L, -589014513L, 
1959998088L, -934647898L, -1410117805L, 1005572277L, -1358361070L, 
-1154733088L, 1675468361L, 1479048315L, 2131737932L, -804370214L, 
