.Random.seed <-
c(403L, 10L, -310332888L, 1880523478L, 875849553L, 1120373251L, 
-1146602094L, -8352988L, -1148178969L, -1465439683L, 981165236L, 
-95018214L, 751847525L, 1106845951L, -1517940346L, -289224944L, 
-2040577101L, 1169195089L, -835742720L, 2003604702L, 1121330985L, 
747403995L, -1415720470L, -873326196L, -1199677745L, 1363714693L, 
1948301628L, -1272142830L, -781694195L, 1215305799L, -1968850386L, 
-761699448L, 205434507L, 927989865L, -1442214856L, -902316826L, 
64914561L, 155800595L, 1479803842L, -1820599180L, 316191351L, 
-656766099L, 2090626052L, 555943722L, 955946133L, 1547731759L, 
1436103222L, 1933756000L, 1308005539L, -1511276607L, 1141119920L, 
703151822L, 633895993L, -1805884853L, 417044474L, 1512092412L, 
985970495L, -1534920683L, 1697909548L, -1429897214L, -606090531L, 
1041633751L, -2061738818L, -1515751688L, 808092891L, 1922971449L, 
1070310024L, -786266570L, 986355313L, -1071995741L, 293973490L, 
1578466628L, 1165000199L, 1446558685L, -601058092L, -1978520582L, 
895974213L, -1803599969L, -148228826L, 427654576L, -1973676461L, 
-1654918799L, -801015648L, 440633406L, 1059159881L, 866805243L, 
1767336394L, 1055278892L, -1792878801L, -249039387L, 2004670620L, 
208375026L, 373179757L, -1488190809L, 1608117454L, -928988632L, 
-1370590677L, -1966122935L, 1109559640L, 1624084486L, 242287073L, 
-1876546701L, 1968070626L, -850757804L, 872118871L, 421444173L, 
2027830756L, -757786678L, -1060390347L, 1721221263L, -131948138L, 
-2099299008L, -1402048509L, -1867812319L, -178580208L, -1809261842L, 
-539744615L, 2071217963L, -1721630182L, 1880326364L, -1034535713L, 
531172021L, 1513274444L, -1254711134L, -1871806467L, 51313911L, 
-6403554L, 173589720L, -696805317L, -2087173671L, -1897900184L, 
-1275897194L, -1944493039L, 313316803L, -2014545454L, 1313730660L, 
1315418023L, -652418819L, 678696180L, 1485960154L, -477255899L, 
-370741697L, -1084140090L, 330625616L, 162336371L, -1615871343L, 
423574208L, 447388830L, -1733439383L, -2124673893L, -668547670L, 
-892574260L, -257537905L, -92731195L, 867338364L, 1971242194L, 
1898126413L, -1700868857L, -1784024850L, 1913938376L, 895149771L, 
128677673L, -860405896L, -93297498L, -1665014079L, -2019631277L, 
1362254850L, 1581967668L, -2031525193L, -1789034835L, -410587196L, 
1674270698L, -1423640491L, 1234232815L, 2078068214L, 1595816736L, 
-1181985565L, 1242157441L, 263530480L, 1200113294L, 1157212665L, 
-527850613L, 667971514L, -52642116L, 483677695L, -1383263403L, 
-660216724L, 387186882L, 756015901L, 700250519L, -827129602L, 
389935800L, -103404389L, 2105375481L, -1327010744L, -1750954122L, 
-1111303503L, -1690240285L, 1097513394L, -1280054780L, -1449426617L, 
-1728107491L, -2037996908L, 1579977274L, -65403771L, -943867553L, 
377633254L, -2054813584L, -870737005L, 767953969L, -231669024L, 
302764926L, 835455497L, -556858821L, -1612841974L, -1431772180L, 
1970407535L, -621418587L, -942313636L, -678808782L, 2032564781L, 
1697675495L, -1497769458L, -277411864L, 473258475L, -165868919L, 
1193058840L, -357070522L, 816129953L, 600277800L, 104094636L, 
-716075204L, 1459887474L, 291671856L, -1317448412L, 784620344L, 
-1963049254L, -12606576L, -1189512452L, -36088940L, 734842946L, 
1202110720L, -497945540L, 1643300176L, 33194146L, 1701133640L, 
1153317644L, -106372388L, 2104820050L, 2030272640L, -1727239084L, 
921615336L, 1713001722L, -1755652272L, -1917046996L, 862936436L, 
1976926098L, 941882464L, -938789492L, -1633219744L, 19277282L, 
823010216L, -2144001844L, -654763012L, 497004978L, -1101218320L, 
-1126146108L, -2093457064L, -876530310L, -1771978832L, 366712252L, 
-51960748L, 112306114L, -92923872L, 643721404L, -548727216L, 
-1606791198L, -1619085208L, 984686668L, -379599620L, -8308750L, 
-1300091648L, 1705915764L, -1975490552L, -1282534470L, -1262279216L, 
-417763348L, 1088310676L, 1859959250L, 952181088L, -1036465332L, 
-60606176L, 762894210L, -2134546712L, -352702228L, -2022746052L, 
-319492238L, -1460646288L, 719354916L, -2032453832L, 1961313434L, 
1236869840L, -740226884L, -273938796L, -1774432638L, 67078336L, 
1502904124L, 1091600528L, -507148766L, 118361096L, 1118465292L, 
-1626612580L, 1038164498L, -58215552L, 262813204L, 17098280L, 
-1651929798L, -221415984L, 138092652L, -1228229324L, -1719598446L, 
-1246656672L, -1551548596L, 267075552L, -57840734L, -1732527192L, 
563919244L, -2116160324L, -290201230L, -1351409424L, -1875369916L, 
-789033640L, 1106207290L, -1144393872L, -1212277700L, 1804147476L, 
1018107330L, 378447584L, -516222084L, 1999164112L, -237968222L, 
1095534632L, -1323509492L, 879166396L, 1203442994L, 186888640L, 
1907864116L, 44304328L, 220894394L, -482256496L, -1373543956L, 
557977172L, 129404050L, 861592352L, 2118767052L, 1806487008L, 
-1496555838L, 518299688L, -706433364L, 2044612796L, 1660270066L, 
1061244208L, 1395815588L, -1963715912L, -1149130406L, -819670640L, 
2015215484L, 107403540L, -885276862L, 531857152L, 1414448060L, 
-647279792L, -1936027870L, -463223480L, 877192716L, 126021724L, 
-2119599918L, 1854973440L, -892491436L, 214070760L, -224308230L, 
-2020049712L, 320923948L, -2020272396L, -16370286L, 1410523232L, 
1968792844L, -1426287904L, 2034488674L, 1198344872L, -1314295220L, 
1545760124L, -379858638L, -875389840L, 1103258436L, 1714379224L, 
-965530502L, 2007637552L, 1229566652L, 1742818132L, 732692546L, 
-892417632L, 839464636L, 1950758352L, 1553878370L, -234962968L, 
1160318924L, -925689092L, -893383182L, -1215495040L, -1928494860L, 
-958635384L, -1737120966L, 136626000L, 1197208172L, -436111212L, 
1137074514L, 1091102432L, 1224228556L, 702808224L, 1203160962L, 
1118775016L, -35512596L, 175702076L, -1222365582L, -1736926096L, 
-263552476L, 1907437624L, -1156589542L, 667997904L, 643193916L, 
676529300L, -471979902L, -1953787968L, -861877956L, 1479839376L, 
1000900642L, 2088634376L, 286768268L, -1214098404L, -1869151598L, 
872370304L, -120167404L, -397885144L, -1127908806L, 1951634640L, 
-829211540L, -837165388L, 123283474L, 131477472L, -1055888436L, 
-1873902112L, -2133558750L, -727255768L, -464655092L, -1337358788L, 
33763817L, -445965570L, -1267756308L, -1440890307L, 626237959L, 
529917424L, 2070168974L, 42687419L, -1000147555L, 1027103562L, 
-171171992L, -1472786095L, 606126659L, 2028422980L, 151858162L, 
-633314873L, 1841911697L, -1008656618L, -354595980L, -1677471227L, 
852468303L, 1930411592L, 537608166L, -1096838893L, -181666187L, 
551547986L, 1769127584L, -24577143L, 1317947323L, 109512716L, 
-2095741542L, -1340627697L, 2088667993L, 1031869934L, -616845188L, 
-1785735955L, -1218034793L, 1147608160L, -1608065474L, 2088040203L, 
-380138099L, -1646037318L, -148269832L, -1148116319L, -824442285L, 
-1789600396L, -1648569598L, 66245527L, -1515432607L, -565979738L, 
-1250072668L, 199869013L, -1919610113L, -1887717480L, -1079953226L, 
1304685891L, -1319293819L, 826938658L, 1057717776L, -1827668551L, 
1552268907L, 1025610076L, -1401542518L, -1340170113L, -1288580663L, 
211210846L, -358856436L, 21523677L, -425055769L, -824815088L, 
-1627812050L, -1563200549L, 1145242813L, 22607402L, -2087523640L, 
1133187057L, 1700348259L, -168595100L, 1958704274L, 1501645159L, 
1264159537L, -2138247050L, -1761957484L, -893547099L, -2099624273L, 
-1115865240L, 960271174L, 471573235L, -1640924075L, -890769358L, 
-2068582912L, 1888100073L, -1158963877L, 1111134124L, 975623098L, 
1388645743L, -949524743L, -1593876594L, -1712932260L, 249878733L, 
-72857545L, 167547584L, -1860156002L, -1546598805L, -1333994003L, 
1761487962L, 1557863192L, -1827602303L, 1791407667L, 122719316L, 
1291626594L, 113975031L, 730509633L, 1662724038L, 1143545092L, 
-630827851L, 1724904351L, -1353581576L, 1957885398L, -1192539037L, 
-1663666139L, 223936450L, 464802992L, -1971953447L, 518059595L, 
-661738308L, 1596314346L, 1487909663L, 2136062889L, 1191284030L, 
148452396L, -1133784451L, 1800096967L, -1708205648L, -912350258L, 
2053112059L, -313030819L, -1450908534L, 915747496L, 1346067985L, 
